image: nakanoshima_2021-07-18-10-23-48_005.pgm
resolution: 0.050000
origin: [-24.200000, -145.800000, 0.000000]
negate: 0
occupied_thresh: 0.65
free_thresh: 0.196

